"V1","V2"
-0.0449719981999357,-0.0302066922587039
0.0216938810414079,0.173658638677998
0.103549140038762,-0.0133595163669266
-0.0315253271705529,-0.0759148693840299
0.00975288347677493,-0.0425617584064506
0.107815043286733,0.107974544038093
0.0106187577704901,-0.00144667448717658
0.153653957416338,0.111942463846429
-0.0177022826469401,0.0201295937529645
-0.0177697475812975,-0.0119898183502108
-0.172102671983601,-0.0381982922726658
0.0505801188938278,0.108391288111248
0.221869881974144,-0.0424486328628681
-0.233918627138922,-0.0124848154151719
-0.15469958432509,-0.0196455350502673
0.243553244608032,0.0458186640537304
0.00721707325423171,0.0293260242895858
0.0389556648966086,0.0134501747014598
-0.0767258704341322,0.0096588881212253
-0.122666299225335,-0.00826357751234036
-0.260804070631615,-0.0633217229578033
0.288693750932566,0.0141518275944507
0.236470144607059,0.0546351168304416
0.0575253254382872,0.0379631050501523
-0.0688212946002118,0.0112964903903305
-0.143671508799398,0.0110149810014914
0.126355778198411,0.0407333397097702
-0.103048732723887,0.025795709842356
-0.0656989884708928,-0.00926959583828788
-0.162293402029006,-0.0276278199947399
-0.118150551423149,-0.0715796437290028
0.0403453038276213,0.0175699772799159
-0.162110849799811,-0.0424350972833157
0.179036867963814,0.00718350268964709
0.294786553289234,0.00691283035621523
-0.114663796811532,-0.00755891671682831
-0.0162043388381873,-0.00684946237213096
-0.0298701148339418,-0.00157099555914004
0.00774404766593164,0.0223308877252541
0.213955594373343,0.052635619934734
0.218943445112841,0.068925175782386
0.0329514610488695,0.0214778995227629
0.0864086055708425,0.0396302528224556
0.0910693887553724,0.0355934211809706
-0.0158019477583772,-0.0065794856535533
0.1035570675758,0.0797473752035429
0.041583807668627,0.0358606297282017
0.0628164721365269,0.0195389867014802
0.0519739098605743,0.0218767490131331
0.023914445274541,0.0243740502458525
-0.00121868525222023,0.0164976114288837
-0.0412695331424029,-0.0427249273673643
0.041369341145253,0.02446971751785
0.0266446842104244,0.0363827305365304
-0.0823415178098242,-0.0323462566898767
-0.0217779792588215,0.00329234310007845
0.0407853460512552,0.0390720896001076
0.0620334882673038,0.0231258616724234
0.0841381428294348,0.0747608129624132
0.0695095462606599,0.0297964536399788
-0.0700171103751372,-0.0163395530140736
0.0114072237132141,0.0376059568212992
-0.0204243281287273,-0.0182896943944015
-0.0536899138657194,-0.0327150623254802
0.0965924696449478,0.0513157431780491
0.031648570880144,0.0376123497626129
0.0908903117312175,0.0497222630963327
-0.00187703665845021,0.00182834111754589
0.0140429297564835,0.0237088313513864
-0.0224235965370519,-0.0281128286095535
0.0738859539760993,0.0502952980262798
0.0245234320287447,0.0118330032221274
0.0595084166557632,0.0740763824565409
0.00260604805342925,-0.00438936367036249
0.0313929357522638,0.0400147670538519
0.0127899897146743,0.0133154465968626
-0.0315708123241993,-0.0380953241806032
-0.00929925951628193,0.0138804144979134
-0.0277851142629583,-0.016659564458195
0.0540522338212622,0.0175208757316578
0.0259013338827635,0.0129565531581201
0.0667595565048964,0.0388969641943458
0.0683832187759681,0.0389573755904786
-0.00813318109837411,0.00985064245913189
0.0349801679560944,0.0355764478288835
0.00365922625810763,-0.00308168780244954
0.0100338109442481,0.0157001710166417
0.0492112577982955,0.033378691302487
0.0451788594215948,0.0382393654897851
-0.016602809709132,-0.00991631723228311
-0.0429356246882896,-0.0310171792735756
0.0081168395065791,0.0145561167804245
0.0350544563306174,0.0363476207796714
0.0264945522921838,0.0451503057010498
-0.0805658890212997,-0.0349680329636061
-0.0270577707192225,0.0126089502808487
