"V1","V2"
-0.0445921837539229,0.000109101681155926
-0.0334504572836129,0.368113318865244
0.130075294517027,-0.0902375440965164
-0.00278756032479356,-0.149391303383383
0.0363160225188482,-0.109442520157898
-0.0130089020949724,0.317054112782961
0.043039571351611,-0.078375939336673
0.0830448814412918,0.237650817546522
0.00022065520611638,-0.0291641305789709
0.0351754008380008,-0.0755573700354538
-0.0436286343891029,-0.254200226607601
0.0822394682583997,0.110638740409135
0.182023906956549,0.00878225892391903
-0.133775719433652,-0.160519705015509
-0.120615149592546,-0.114065336896344
0.201070908946879,0.153142052753938
0.0186993436496195,0.0191515930658425
0.0402547352061093,0.0175870138301343
-0.0698775781204172,0.00380312970397967
-0.114902749072368,-0.0306991069556588
-0.254335214778345,-0.0834379214405942
0.264580594811391,0.0442337412125659
0.232031623289252,0.0718317365330731
0.0572217276110829,0.0466287088121368
-0.0653657585135822,0.00251141346172035
-0.139317427416222,-0.00704355218908351
0.118839796156303,0.0632529265244968
-0.0987151880432429,0.0169209050244039
-0.0579887066644365,-0.0176761297627054
-0.159114200666143,-0.044408609225997
-0.121594123553318,-0.0927233363717075
0.0414105965394952,0.0217439899897247
-0.164535113159518,-0.0405976500929464
0.157105484427057,0.0381090019489393
0.278868308005036,0.0309378377352722
-0.103126379392588,-0.0152680150317361
-0.0176140327987021,-0.0197321770445651
-0.0283701915483618,-0.0173106537028466
0.00983173966134517,0.0275015984456012
0.208130450115492,0.07568736971737
0.213181643190082,0.089935696225741
0.0308912296023753,0.0313860128242106
0.0804439397356514,0.0568996087405547
0.087493514399798,0.0538404149095146
-0.0175019200823652,-0.00291432159954853
0.0948304584408129,0.118225069578579
0.038732378184833,0.0519087581484862
0.0696444058934831,-0.00551599144468132
0.0255611135393954,0.0597340064852503
0.0243246730531918,0.00610602447559335
-0.00367438837392201,0.00610599140795205
-0.0125512550625411,-0.0725375612298131
0.00803095060932113,0.0526113420581374
0.0234319666792722,0.0439786145996945
-0.0342718537136134,-0.0618036736932199
0.00524006968507761,-0.0207960437436954
0.0285128384400869,0.0760938614382058
0.0451302373982711,0.027483042986866
0.0704876147223772,0.111368591473576
0.0603209487712695,0.0355970405285465
-0.0612878978378631,-0.0106701288807311
0.0182409105192452,0.0550850674166104
-0.0171985940681697,-0.0287211640789462
-0.0546146075394895,-0.0582984337145761
0.0861648557866519,0.0730312652135754
0.0236524811687249,0.0533198336044166
0.0797136341179929,0.0864784384556398
-0.00192128920199387,0.0213037046689348
0.00461246311443964,0.0362887885301319
-0.0228989768175328,-0.0378932021855423
0.0734266427606078,0.0612321094785093
0.0217592492012473,0.0240031214808012
0.0497489074186803,0.107128002322033
0.00491899140909714,-0.0358119988900673
0.0278099371999441,0.0563917140436089
0.00728963928672283,0.0231308290163365
-0.0219947171197042,-0.0624153851405939
-0.011442588975923,0.0142190884249523
-0.0170885131042844,-0.0570614551860804
0.0481778118160088,0.00478232454760707
0.0319571567619097,0.00557476767056447
0.0539620622123919,0.0840955986329409
0.0555287514616069,0.0413726391288075
-0.00137396427731386,0.00115871114192391
0.0340612260387258,0.0430022149537875
0.001774875577142,-0.000181867280188712
0.00535056359697879,0.0236266533241599
0.0493724628298677,0.0309988629833733
0.0451551282547055,0.0520116609048242
-0.0157195952733845,-0.00380164542210368
-0.0473274982751307,-0.0243381012546643
-0.00258779846062051,0.0240654441316408
0.0297043130903516,0.0559052920558141
0.014644733184732,0.058199744613368
-0.0716796146550588,-0.0498966877876855
-0.0270459620155486,0.0220418677526718
