"V1","V2"
-0.0549733658639815,-0.00050109734111024
-0.0264126738092328,0.37317386882396
0.128493158199458,-0.12169289121247
-0.00146623177847936,-0.159365712517767
0.0408360211697549,-0.108370993974386
0.0149111632375731,0.318624293269108
0.0262339624528652,-0.0684094600207509
0.104382967289457,0.223083749354075
-0.0203101513438883,-0.0062324065702661
0.00150190156445515,-0.0412709262114519
-0.13897825482782,-0.13508641542249
0.0506086252250246,0.145471166160728
0.213521529810793,-0.0238464338160212
-0.211961304559566,-0.0613747226626003
-0.137103882422595,-0.0713141034000393
0.233730651814606,0.113754283059046
0.0118438725935573,0.0302045235625707
0.0206040546960049,0.0201063183802363
-0.0740604807288023,-0.00460185550791554
-0.108517668688984,-0.0307551502109151
-0.224095672725163,-0.12636223660603
0.24168638095669,0.0980398190194674
0.19592677640289,0.0903559488262338
0.0716958490705434,0.0448107292281444
-0.0639596316264012,-0.0136636328378073
-0.0873451891000687,-0.0321692188506681
0.126059851564243,0.0608931262210801
-0.0757838103055363,0.00389028788120169
-0.0519681463096227,-0.0251649030958293
-0.147751740394128,-0.056033666886554
-0.106735446440774,-0.106767033490602
0.0418230696866216,0.0204681446911079
-0.152987487506609,-0.0493738902345806
0.175540961935009,0.0265905385794078
0.282973338956622,0.0223972017760777
-0.101537181821104,-0.0180751775550372
-0.0199069385719754,-0.00618668121942264
-0.0392005853329585,-0.00889600148728776
0.00337979037326266,0.0192407726759883
0.168586693702184,0.0953907910328246
0.166211621899815,0.140266758324215
0.0342030497575553,0.0292653128907744
0.0823280347363075,0.0753610578536395
0.0627159038889094,0.073448764740362
-0.01664454518396,-0.0118098751632222
0.0749932781864963,0.128776924184416
0.0304876763758271,0.0486093610417003
0.0657225942423044,-0.00472106938950267
0.0319368052855478,0.0556421655107917
0.0249421731805945,0.0109546290814263
-0.00262664331343191,0.0078180289741387
-0.0143156860417055,-0.070827357404762
0.0218494097049784,0.0484823133809308
0.0148580932797638,0.0572125773486893
-0.0686276773489355,-0.0404355138757499
-0.0111038107401642,-0.0132592636714972
0.0324868476100813,0.0799882022750107
0.0599448387050309,0.0270807074462305
0.075648456061208,0.101405117951015
0.0661652429626349,0.0308273090287907
-0.062513031678726,-0.0139159786291151
0.0134829554885755,0.0558479815436499
-0.0175333472593484,-0.0292714133126864
-0.0445994181776603,-0.0517967482870337
0.0739359884008311,0.0768414946460795
0.0225448856029543,0.0547132303116099
0.0725249745435716,0.0747297463356352
-0.00563024414185368,0.0145198420847668
0.00680358894666509,0.0361782530105734
-0.0153052206428735,-0.0249937248501685
0.07021199714027,0.0617262334415085
0.0153452080677177,0.0242201519712324
0.0449755589177378,0.107015768396053
0.00944907175541687,-0.0236558880503954
0.0282628967927958,0.0609443138898683
0.0105535193501395,0.029410809164521
-0.0264967731531592,-0.0597342449124173
-0.0101550200412212,0.0166064523633802
-0.0155414712107504,-0.053605148787753
0.0484774272728676,0.0155287289041287
0.0211907424563186,0.0174516265958955
0.0558726538239517,0.0736325456678126
0.0586607664063723,0.0423872443087402
-0.00687197813751904,0.0131685502878741
0.0300907728489531,0.0403342281707464
0.0068944644637666,-0.0028397639838719
0.0130407529906727,0.0192974645606848
0.0448893396301224,0.0318389471387278
0.0423999431400624,0.0523366513119757
-0.0114888200871373,0.00176660593217344
-0.048397342381549,-0.0195056364486915
0.0139835619914,0.0198932584519098
0.0255931526479144,0.0562514105460653
0.017985009203718,0.0644865510048943
-0.078779283538512,-0.0489991516185028
-0.0347505441792595,0.0243446403875487
