"V1","V2"
-0.0450608641537139,0.0006848320017089
-0.0865489306477668,0.283402220257861
0.137338190021527,-0.0529075417099886
0.0231633781999635,-0.124097429891766
0.0505360605349341,-0.0767679134773047
-0.0472022740719799,0.23871559085295
0.0521757815431348,-0.0425357489646343
0.0583681229749336,0.202378880624404
0.00352885277327767,-0.0377701191650508
0.034124494999022,-0.0542806175154683
-0.00448063116169988,-0.207927963431104
0.100356359308271,0.0956162597469526
0.0809029666070919,0.0625162826947018
-0.0404187405004341,-0.132701798331514
-0.0793749767852203,-0.0957013082075885
0.137508557812024,0.131634860003991
0.0186731876458625,0.0270787570472089
0.0225697691094321,0.00324968608795381
-0.0478585262570578,0.00200470499288893
-0.0942034428421849,-0.0149838777772684
-0.212560933292945,-0.0896002480759314
0.198194611530361,0.0213996517306975
0.160031994867033,0.086758255142257
0.0484146995649221,0.0542139030189871
-0.0548566709192221,0.0242622434451824
-0.0901157125882473,-0.00599929289290297
0.102684826205956,0.0685634141591767
-0.0523477242610026,0.0050839571768714
-0.030959297800431,-0.0209386718545838
-0.10377598054917,-0.0576161795413421
-0.0952025886250335,-0.111567523683029
0.0280181353188271,0.00952291637132621
-0.110296564429162,-0.0645750094365087
0.125645324932661,0.0373929340250391
0.183501065570089,0.0654470943541108
-0.0888389899419984,-0.0360186300293249
-0.0109034810672206,-0.0349157130937891
-0.0173002949146173,-0.0169680463909181
0.00940881945412673,0.0224606491410074
0.128230349206421,0.0815736516092744
0.140367370911421,0.103804670435916
0.0324927874853638,0.017014135466784
0.0823402046922977,0.0526880976802403
0.0670823041733698,0.055221668997625
-0.0224848233533246,-0.00523624976213694
0.0809645857172918,0.105657271488357
0.032007753607606,0.0324357979340477
0.0520847035006407,0.0102413668307356
0.0198904035381148,0.06739316733304
0.0336331739466974,-0.00116041049725257
-0.000657629544873426,-0.0113542986841884
-0.0133479043987898,-0.0609194041923726
0.0136373668122537,0.0563809833375577
0.0364672334124197,0.0339573188848323
-0.0145621630313363,-0.0640653819880199
0.0202215780617225,-0.016292934908821
0.0308142826808976,0.0638954079591511
0.0383907299299393,0.0158707810812291
0.0591808124988809,0.10078384180401
0.0459458885643861,0.0241074122562021
-0.0547399966622761,0.00420132267395324
0.0112043699111248,0.0663551304902784
-0.0170862059184716,-0.0223919138279672
-0.0398345000067795,-0.0590819677879985
0.0664949483007743,0.0539136881233197
0.0231645598111592,0.0591137328863106
0.0703545504870994,0.0823965994216979
-0.0024622301606141,0.030201749467643
0.00102336718166643,0.0449588456796306
-0.0170211187108882,-0.0475938474733102
0.0511570020598328,0.042021003394002
0.0115688732848382,0.0189359306421677
0.0247182212142578,0.10043293537651
0.00786986788332664,-0.040053189012726
0.0201455541557553,0.0510285825502054
0.00641092867473679,0.0270917913533878
-0.0118578745128617,-0.0500389732715928
-0.00741772241318347,0.018692132182193
-0.00108009730750812,-0.0452509511320782
0.033514644709202,0.0152465967996561
0.0242527453646171,0.00397798198945878
0.0523474037582031,0.0748904196426507
0.0373549214904771,0.0505015959281187
0.012253526427833,-0.00542582795500897
0.027897436329671,0.049386724157601
0.000382075886089004,6.86298383168106e-05
0.00358153734588975,0.0163335776414613
0.0352734156812595,0.0290239865161949
0.0374385611578521,0.0452605354485851
-0.0132462268106152,-0.0182094090435905
-0.0468160977874106,-0.030681190715116
0.0201404221275601,0.00337852855639376
0.0140038718646094,0.0516576089693184
0.00249083779012495,0.0449271914386552
-0.0554648504481517,-0.0492008747554106
-0.0417815857401045,0.00938848982476589
