"V1","V2"
-0.0591504474922294,0.00577159905114611
-0.0900447892011903,0.288057232999514
0.149044066605319,-0.0652122250422287
0.0324590102389717,-0.123915587316573
0.0332923270160429,-0.0775302827568479
-0.0449201581631544,0.231738313134676
0.0535219367300697,-0.0422021479021243
0.0655498441479922,0.199925738541749
-0.0130660161974003,-0.013418526931638
0.0164036440113335,-0.0242036831117129
-0.0967448005721528,-0.128213964314002
0.0719967579998483,0.12244376820019
0.154487149718819,0.00589759136802606
-0.147048547806995,-0.0536970446906794
-0.105474629936394,-0.0650610129567944
0.207178102563872,0.0917599105174905
0.000333499278001317,0.0354471392896169
0.0171458162519857,0.020448609941219
-0.0512318789036502,0.0112789555750752
-0.0753864906354538,-0.025056607401729
-0.163881365168323,-0.150044156332209
0.155165719625606,0.0902018196946518
0.119954127286523,0.104311798658578
0.0588649751930459,0.0412178310996508
-0.0531360589003753,-0.00687511057898581
-0.0611388265305026,-0.0170258575225484
0.0968655625859384,0.0627781969753377
-0.0439490325703734,-0.00229739323857851
-0.0318286355928593,-0.019271459035834
-0.108606154300482,-0.0567136377598902
-0.0840937526612085,-0.115032682661915
0.0169990763015608,0.0117817565855172
-0.114072730233518,-0.0704930487270328
0.149548207852737,0.0169995061408159
0.209449693506126,0.0425991435843994
-0.087443311318131,-0.0210739852786147
-0.0200286541459175,-0.00905298007421501
-0.0316700458217623,-0.0131790566093912
0.00607689930648688,0.0153647423760374
0.11066757026475,0.115698341511133
0.0959758352407927,0.158368645915425
0.0320357413762022,0.0241981454414834
0.0634588526115464,0.0586741465545988
0.048361674012553,0.0827199582988561
-0.0184785587951129,-0.0157084861187125
0.0639670829341677,0.111794167044063
0.0262810958404907,0.0353952437993396
0.0669028139212388,0.00435525090256921
0.0185081498442404,0.0572998362569208
0.0377044527836277,0.00759600304965343
0.00523077839708616,-0.00889224704167762
-0.0146654814770067,-0.0515224972370554
0.0172815549256216,0.0442878224483031
0.0239618649873219,0.0548895778251297
-0.0481772209114174,-0.028967682474132
-0.00148473148930335,-0.0106387771677859
0.0294907465662502,0.0769558169977615
0.0523820817696829,0.0177896162583755
0.0608327018894459,0.101710822851078
0.0487099437943832,0.0213361315981208
-0.0568282023557907,-0.00455990588851
0.00860043591341108,0.0660242902225793
-0.0248491334900176,-0.0236204447429711
-0.0304239731294239,-0.0463771176999869
0.0624086793287105,0.0569532835057992
0.0245437131362097,0.062019917459363
0.0603791006948183,0.0719723542619151
-0.0109657788597338,0.0192298024761989
-0.00167316487025202,0.0355811893963915
-0.0144611792513666,-0.0388605429295109
0.048918099580922,0.0493018149143355
0.0120042559836532,0.0223891373316086
0.0310278420156792,0.104088944825624
0.00703579446213943,-0.0312393394199058
0.016917498598969,0.0466906357231524
0.0052209621434715,0.0233950981283346
-0.010515815482505,-0.0528229234107559
0.00212973483037102,0.00954820000263751
0.00499229620023083,-0.046826548800476
0.0348986604945711,0.0232847827028668
0.0192009806480983,0.00516905770148571
0.043618274418254,0.0679349519892975
0.0410634062071316,0.0461743073383021
0.00365207743974872,-0.00172363608846111
0.022304161592225,0.0451957087618346
0.00877345534700278,-0.000735122167524062
0.0192966672020246,0.0161627916367012
0.0392730880687723,0.028771692521149
0.0413279561037063,0.0528019713824144
-0.0182407270301147,-0.000176127691595583
-0.055279458859419,-0.0218831494907193
0.0204484810356216,-0.0025148396480909
0.0162710048313968,0.0565540755335728
0.0048853978303904,0.0401315107904757
-0.0631727461885417,-0.0438284574865097
-0.0464768367224894,0.0154225397182938
